84
94
29
32
38
18
74
17
43
13
51
77
46
76
0
55
22
89
54
83
39
88
95
72
77
50
47
43
51
90
30
69
38
4
33
47
77
98
71
88
83
25
13
2
24
75
70
46
83
47
49
30
0
35
21
20
66
4
36
56
45
41
23
92
88
84
46
20
46
61
55
61
14
73
18
44
56
20
69
27
54
47
57
72
73
28
97
10
34
52
90
92
21
11
16
59
57
49
65
57
56
24
28
51
38
65
82
75
79
68
20
18
75
85
40
49
78
91
71
4
71
94
32
96
45
92
0
87
49
72
14
86
96
59
21
50
19
14
64
8
77
98
38
55
80
95
99
28
47
67
8
97
20
46
79
88
37
51
43
90
29
47
68
40
87
42
18
2
48
3
48
63
81
28
48
74
7
15
6
82
87
73
14
33
22
93
31
27
87
30
2
14
49
80
56
58
47
1
75
71
85
37
64
11
65
28
87
87
32
80
60
54
88
49
63
13
39
6
71
17
10
35
3
93
11
14
21
89
5
31
9
85
27
82
2
73
76
16
48
37
78
18
82
13
68
99
6
95
31
98
88
67
14
95
16
28
86
86
12
89
77
65
94
69
33
96
59
68
49
64
98
54
17
46
35
46
73
43
43
96
88
55
97
93
70
73
36
8
99
78
85
49
3
23
8
49
88
14
94
93
66
46
20
98
46
7
81
18
13
64
79
88
85
99
84
66
79
87
59
80
36
97
72
41
30
49
54
6
34
41
64
99
53
60
56
71
36
9
5
88
45
63
80
83
35
17
98
78
90
27
33
35
64
79
64
11
16
39
20
96
22
32
85
39
16
19
78
14
8
64
86
45
57
44
84
69
8
37
30
74
57
42
22
35
68
5
38
32
32
8
18
71
41
59
12
57
57
75
4
35
61
13
42
24
38
75
41
51
12
64
18
22
33
76
70
86
3
66
57
6
17
85
64
68
62
30
58
68
93
84
7
78
91
11
2
22
97
83
13
55
30
57
47
37
66
56
22
34
18
94
38
85
61
14
35
77
18
90
67
72
48
17
16
99
83
95
13
99
73
1
63
78
66
28
0
52
88
3
33
30
44
9
93
20
18
14
58
71
95
2
78
2
46
75
90
94
88
15
24
18
5
69
4
85
17
26
7
94
79
26
63
85
37
12
74
52
97
15
44
35
48
98
56
10
91
82
13
12
22
53
63
95
65
35
14
22
74
86
73
40
47
42
72
45
70
42
64
16
98
95
99
43
94
46
97
27
18
74
93
63
50
32
70
23
24
51
35
94
73
72
17
1
48
98
24
37
42
55
95
41
65
27
62
24
32
63
8
93
17
3
82
4
44
41
36
50
32
76
89
94
67
88
13
22
65
37
51
53
58
40
33
70
86
55
86
99
15
28
18
77
55
4
69
31
75
38
9
35
11
79
10
72
43
27
50
11
80
38
46
5
29
68
76
60
5
62
53
6
26
73
55
23
71
30
60
49
35
17
39
71
82
80
57
62
74
24
99
83
63
6
83
52
71
79
37
23
46
22
21
67
45
27
94
58
34
17
69
20
29
50
88
21
46
63
30
94
43
31
5
2
83
9
80
16
5
49
67
26
36
41
45
60
17
41
0
99
65
5
71
34
8
55
89
22
1
12
38
10
22
73
16
5
9
38
56
12
22
51
23
41
45
36
96
71
73
7
12
77
62
29
66
33
20
34
25
13
8
26
51
4
76
12
4
47
71
11
7
12
31
80
41
21
68
54
68
71
34
73
40
85
6
50
82
95
2
74
97
19
7
10
7
2
53
86
20
29
6
82
78
36
47
92
80
42
72
77
41
31
75
40
6
18
65
69
0
54
89
92
5
63
66
36
21
83
99
15
80
79
30
28
23
16
70
48
81
91
22
55
53
33
92
59
66
29
75
35
86
8
6
70
88
38
76
83
13
34
45
85
66
80
34
56
96
88
29
23
48
76
66
45
62
32
50
58
25
53
67
31
14
55
52
2
11
3
63
97
27
89
68
38
8
53
4
52
16
65
16
61
44
23
76
27
54
83
37
22
99
95
27
39
15
97
87
23
70
35
5
40
99
63
10
50
66
89
23
18
58
29
17
6
66
85
12
8
79
36
75
2
24
7
10
20
29
0
24
86
88
22
92
45
5
20
10
11
54
61
86
11
81
1
50
87
18
8
70
66
44
66
14
78
71
52
3
30
44
62
82
2
74
86
22
60
94
71
89
87
78
60
67
55
58
53
63
55
19
52
6
23
93
33
